-4.000000655651092529e-01 0.000000000000000000e+00 5.960464477539062500e-08 4.000000059604644775e-01
-4.087945222854614258e-01 -8.794307708740234375e-03 8.794754743576049805e-03 4.087945222854614258e-01
-4.334102571010589600e-01 -3.341004252433776855e-02 3.341051936149597168e-02 4.334102571010589600e-01
-4.698209166526794434e-01 -6.982076168060302734e-02 6.982129812240600586e-02 4.698210358619689941e-01
-5.141777396202087402e-01 -1.141779422760009766e-01 1.141783297061920166e-01 5.141780972480773926e-01
-5.637775063514709473e-01 -1.637774109840393066e-01 1.637780964374542236e-01 5.637778043746948242e-01
-6.169157624244689941e-01 -2.169156670570373535e-01 2.169162333011627197e-01 6.169159412384033203e-01
-6.725392937660217285e-01 -2.725394964218139648e-01 2.725400924682617188e-01 6.725397706031799316e-01
-7.299891710281372070e-01 -3.299890756607055664e-01 3.299897909164428711e-01 7.299894690513610840e-01
-7.888368368148803711e-01 -3.888367414474487305e-01 3.888372778892517090e-01 7.888370752334594727e-01
-8.487949371337890625e-01 -4.487948417663574219e-01 4.487955272197723389e-01 8.487952351570129395e-01
-9.096632003784179688e-01 -5.096633434295654297e-01 5.096637010574340820e-01 9.096634984016418457e-01
-9.713002443313598633e-01 -5.713001489639282227e-01 5.713006258010864258e-01 9.713004827499389648e-01
-1.033598065376281738e+00 -6.335983276367187500e-01 6.335989236831665039e-01 1.033598661422729492e+00
-1.096479415893554688e+00 -6.964794397354125977e-01 6.964803934097290039e-01 1.096480131149291992e+00
-1.159879207611083984e+00 -7.598795890808105469e-01 7.598800659179687500e-01 1.159879803657531738e+00
-1.223747968673706055e+00 -8.237483501434326172e-01 8.237488269805908203e-01 1.223748683929443359e+00
-1.288043856620788574e+00 -8.880442380905151367e-01 8.880450725555419922e-01 1.288044810295104980e+00
-1.352732062339782715e+00 -9.527319669723510742e-01 9.527326226234436035e-01 1.352732419967651367e+00
-1.417782068252563477e+00 -1.017782449722290039e+00 1.017782926559448242e+00 1.417782664299011230e+00
-1.483168125152587891e+00 -1.083168506622314453e+00 1.083169460296630859e+00 1.483169198036193848e+00
-1.548869252204895020e+00 -1.148869156837463379e+00 1.148869872093200684e+00 1.548869490623474121e+00
-1.614861607551574707e+00 -1.214861750602722168e+00 1.214862346649169922e+00 1.614861965179443359e+00
-1.681127786636352539e+00 -1.281127691268920898e+00 1.281128644943237305e+00 1.681128382682800293e+00
-1.747649788856506348e+00 -1.347649931907653809e+00 1.347650885581970215e+00 1.747650504112243652e+00
-1.814410090446472168e+00 -1.414409995079040527e+00 1.414410829544067383e+00 1.814410567283630371e+00
-1.881394624710083008e+00 -1.481395006179809570e+00 1.481395959854125977e+00 1.881395697593688965e+00
-1.948588252067565918e+00 -1.548588156700134277e+00 1.548588871955871582e+00 1.948588728904724121e+00
-2.015977144241333008e+00 -1.615976810455322266e+00 1.615977764129638672e+00 2.015977382659912109e+00
-2.083546161651611328e+00 -1.683546304702758789e+00 1.683547377586364746e+00 2.083547115325927734e+00
-2.151282787322998047e+00 -1.751282691955566406e+00 1.751283764839172363e+00 2.151283502578735352e+00
-2.219174623489379883e+00 -1.819174528121948242e+00 1.819175124168395996e+00 2.219174861907958984e+00
-2.287207603454589844e+00 -1.887208461761474609e+00 1.887208700180053711e+00 2.287208318710327148e+00
-2.355370998382568359e+00 -1.955371379852294922e+00 1.955372333526611328e+00 2.355371952056884766e+00
-2.423652410507202148e+00 -2.023652791976928711e+00 2.023653745651245117e+00 2.423653364181518555e+00
-2.492039442062377930e+00 -2.092039346694946289e+00 2.092040061950683594e+00 2.492039918899536133e+00
-2.560519695281982422e+00 -2.160520076751708984e+00 2.160521030426025391e+00 2.560520648956298828e+00
-2.629082441329956055e+00 -2.229082345962524414e+00 2.229082822799682617e+00 2.629082441329956055e+00
-2.697715520858764648e+00 -2.297715902328491211e+00 2.297716140747070312e+00 2.697715759277343750e+00
-2.766407489776611328e+00 -2.366407871246337891e+00 2.366408586502075195e+00 2.766408205032348633e+00
-2.835147857666015625e+00 -2.435148239135742188e+00 2.435148477554321289e+00 2.835148334503173828e+00
-2.903924226760864258e+00 -2.503924608230590820e+00 2.503925323486328125e+00 2.903924942016601562e+00
-2.972726106643676758e+00 -2.572726011276245117e+00 2.572727203369140625e+00 2.972726821899414062e+00
-3.041541576385498047e+00 -2.641541481018066406e+00 2.641542673110961914e+00 3.041542530059814453e+00
-3.110360622406005859e+00 -2.710361480712890625e+00 2.710361957550048828e+00 3.110361576080322266e+00
-3.179172277450561523e+00 -2.779172182083129883e+00 2.779173135757446289e+00 3.179172992706298828e+00
-3.247964382171630859e+00 -2.847964763641357422e+00 2.847965478897094727e+00 3.247965097427368164e+00
-3.316727638244628906e+00 -2.916728019714355469e+00 2.916728496551513672e+00 3.316728115081787109e+00
-3.385449171066284180e+00 -2.985449075698852539e+00 2.985450267791748047e+00 3.385450124740600586e+00
-3.454118013381958008e+00 -3.054117441177368164e+00 3.054119348526000977e+00 3.454119205474853516e+00
-3.522726058959960938e+00 -3.122726440429687500e+00 3.122727155685424805e+00 3.522727012634277344e+00
-3.591260433197021484e+00 -3.191260814666748047e+00 3.191261768341064453e+00 3.591261625289916992e+00
-3.659711599349975586e+00 -3.259711980819702148e+00 3.259713172912597656e+00 3.659712791442871094e+00
-3.728066921234130859e+00 -3.328067302703857422e+00 3.328069210052490234e+00 3.728068828582763672e+00
-3.796320438385009766e+00 -3.396320819854736328e+00 3.396320581436157227e+00 3.796320199966430664e+00
-3.864454030990600586e+00 -3.464453935623168945e+00 3.464455127716064453e+00 3.864454746246337891e+00
-3.932462930679321289e+00 -3.532462835311889648e+00 3.532464027404785156e+00 3.932463645935058594e+00
-4.000333786010742188e+00 -3.600334167480468750e+00 3.600335836410522461e+00 4.000335693359375000e+00
-4.068058013916015625e+00 -3.668058872222900391e+00 3.668060064315795898e+00 4.068059921264648438e+00
-4.135625362396240234e+00 -3.735625743865966797e+00 3.735626697540283203e+00 4.135626316070556641e+00
-4.203022480010986328e+00 -3.803022861480712891e+00 3.803024530410766602e+00 4.203024387359619141e+00
-4.270243167877197266e+00 -3.870242595672607422e+00 3.870244264602661133e+00 4.270243644714355469e+00
-4.337273597717285156e+00 -3.937273025512695312e+00 3.937274456024169922e+00 4.337274074554443359e+00
-4.404103279113769531e+00 -4.004102706909179688e+00 4.004104614257812500e+00 4.404104232788085938e+00
-4.470724105834960938e+00 -4.070725440979003906e+00 4.070726394653320312e+00 4.470726013183593750e+00
-4.537125110626220703e+00 -4.137126445770263672e+00 4.137126922607421875e+00 4.537126541137695312e+00
-4.603296756744384766e+00 -4.203296184539794922e+00 4.203297615051269531e+00 4.603297233581542969e+00
-4.669224262237548828e+00 -4.269224643707275391e+00 4.269226551055908203e+00 4.669226646423339844e+00
-4.734907150268554688e+00 -4.334907531738281250e+00 4.334907531738281250e+00 4.734907627105712891e+00
-4.800324440002441406e+00 -4.400325775146484375e+00 4.400326728820800781e+00 4.800326347351074219e+00
-4.865474700927734375e+00 -4.465475082397460938e+00 4.465476036071777344e+00 4.865476131439208984e+00
-4.930342197418212891e+00 -4.530342578887939453e+00 4.530344009399414062e+00 4.930344104766845703e+00
-4.994920253753662109e+00 -4.594920635223388672e+00 4.594921588897705078e+00 4.994921207427978516e+00
-5.059197425842285156e+00 -4.659197807312011719e+00 4.659198760986328125e+00 5.059198379516601562e+00
-5.123164176940917969e+00 -4.723164558410644531e+00 4.723165512084960938e+00 5.123165130615234375e+00
-5.186811447143554688e+00 -4.786811828613281250e+00 4.786813735961914062e+00 5.186813354492187500e+00
-5.250129222869873047e+00 -4.850128650665283203e+00 4.850130558013916016e+00 5.250130176544189453e+00
-5.313107013702392578e+00 -4.913107395172119141e+00 4.913108348846435547e+00 5.313107967376708984e+00
-5.375737190246582031e+00 -4.975736618041992188e+00 4.975737094879150391e+00 5.375736713409423828e+00
-5.438005447387695312e+00 -5.038006782531738281e+00 5.038007736206054688e+00 5.438007354736328125e+00
-5.499907970428466797e+00 -5.099908351898193359e+00 5.099909782409667969e+00 5.499909400939941406e+00
-5.561434268951416016e+00 -5.161434650421142578e+00 5.161435127258300781e+00 5.561434745788574219e+00
-5.622569561004638672e+00 -5.222569942474365234e+00 5.222571849822998047e+00 5.622571468353271484e+00
-5.683311462402343750e+00 -5.283310890197753906e+00 5.283313274383544922e+00 5.683312892913818359e+00
-5.743647575378417969e+00 -5.343647956848144531e+00 5.343648910522460938e+00 5.743648529052734375e+00
-5.803569316864013672e+00 -5.403569698333740234e+00 5.403570175170898438e+00 5.803569793701171875e+00
-5.863066196441650391e+00 -5.463065624237060547e+00 5.463067531585693359e+00 5.863067150115966797e+00
-5.922129631042480469e+00 -5.522130012512207031e+00 5.522132396697998047e+00 5.922132015228271484e+00
-5.980751037597656250e+00 -5.580751419067382812e+00 5.580753326416015625e+00 5.980753421783447266e+00
-6.038921833038330078e+00 -5.638923168182373047e+00 5.638925075531005859e+00 6.038924694061279297e+00
-6.096633911132812500e+00 -5.696636199951171875e+00 5.696637153625488281e+00 6.096636772155761719e+00
-6.153877258300781250e+00 -5.753876686096191406e+00 5.753878593444824219e+00 6.153878688812255859e+00
-6.210643291473388672e+00 -5.810642719268798828e+00 5.810644626617431641e+00 6.210644245147705078e+00
-6.266923427581787109e+00 -5.866923809051513672e+00 5.866925239562988281e+00 6.266924858093261719e+00
-6.322709083557128906e+00 -5.922708511352539062e+00 5.922710895538330078e+00 6.322710514068603516e+00
-6.377989292144775391e+00 -5.977989673614501953e+00 5.977991580963134766e+00 6.377991199493408203e+00
-6.432760715484619141e+00 -6.032761096954345703e+00 6.032762527465820312e+00 6.432762145996093750e+00
-6.487012863159179688e+00 -6.087012290954589844e+00 6.087013721466064453e+00 6.487013339996337891e+00
-6.540735244750976562e+00 -6.140734672546386719e+00 6.140736103057861328e+00 6.540735721588134766e+00
-6.593921184539794922e+00 -6.193920612335205078e+00 6.193922996520996094e+00 6.593923091888427734e+00
-6.646564483642578125e+00 -6.246563911437988281e+00 6.246565341949462891e+00 6.646565437316894531e+00
-6.698654651641845703e+00 -6.298655986785888672e+00 6.298655986785888672e+00 6.698655605316162109e+00
-6.750184535980224609e+00 -6.350184917449951172e+00 6.350186347961425781e+00 6.750186443328857422e+00
-6.801144599914550781e+00 -6.401144981384277344e+00 6.401147365570068359e+00 6.801146984100341797e+00
-6.851530551910400391e+00 -6.451531887054443359e+00 6.451532363891601562e+00 6.851532459259033203e+00
-6.901333332061767578e+00 -6.501333713531494141e+00 6.501335620880126953e+00 6.901335239410400391e+00
-6.950544357299804688e+00 -6.550544738769531250e+00 6.550546646118164062e+00 6.950546264648437500e+00
-6.999156475067138672e+00 -6.599156856536865234e+00 6.599158763885498047e+00 6.999158382415771484e+00
-7.047163009643554688e+00 -6.647162437438964844e+00 6.647164821624755859e+00 7.047164440155029297e+00
-7.094557285308837891e+00 -6.694557666778564453e+00 6.694558620452880859e+00 7.094558238983154297e+00
-7.141329288482666016e+00 -6.741328716278076172e+00 6.741331577301025391e+00 7.141331195831298828e+00
-7.187474250793457031e+00 -6.787473678588867188e+00 6.787476539611816406e+00 7.187476634979248047e+00
-7.232985973358154297e+00 -6.832985401153564453e+00 6.832987308502197266e+00 7.232986927032470703e+00
-7.277854919433593750e+00 -6.877855300903320312e+00 6.877856254577636719e+00 7.277856349945068359e+00
-7.322075366973876953e+00 -6.922076702117919922e+00 6.922078132629394531e+00 7.322077751159667969e+00
-7.365641593933105469e+00 -6.965642929077148438e+00 6.965642929077148438e+00 7.365642547607421875e+00
-7.408545970916748047e+00 -7.008545398712158203e+00 7.008547306060791016e+00 7.408546924591064453e+00
-7.450780868530273438e+00 -7.050780296325683594e+00 7.050781726837158203e+00 7.450781822204589844e+00
-7.492340564727783203e+00 -7.092340946197509766e+00 7.092342853546142578e+00 7.492342472076416016e+00
-7.533222198486328125e+00 -7.133222579956054688e+00 7.133223056793212891e+00 7.533222675323486328e+00
-7.573414325714111328e+00 -7.173414707183837891e+00 7.173415660858154297e+00 7.573415279388427734e+00
-7.612913131713867188e+00 -7.212914466857910156e+00 7.212915897369384766e+00 7.612915992736816406e+00
-7.651713848114013672e+00 -7.251715183258056641e+00 7.251715660095214844e+00 7.651715278625488281e+00
-7.689807891845703125e+00 -7.289808273315429688e+00 7.289810180664062500e+00 7.689809799194335938e+00
-7.727191448211669922e+00 -7.327190876007080078e+00 7.327193260192871094e+00 7.727192878723144531e+00
-7.763857841491699219e+00 -7.363859176635742188e+00 7.363859176635742188e+00 7.763858795166015625e+00
-7.799802303314208984e+00 -7.399801731109619141e+00 7.399805545806884766e+00 7.799805164337158203e+00
-7.835020065307617188e+00 -7.435020446777343750e+00 7.435022354125976562e+00 7.835021972656250000e+00
-7.869504451751708984e+00 -7.469504833221435547e+00 7.469505310058593750e+00 7.869504928588867188e+00
-7.903250694274902344e+00 -7.503250122070312500e+00 7.503252029418945312e+00 7.903251647949218750e+00
-7.936251640319824219e+00 -7.536251068115234375e+00 7.536253929138183594e+00 7.936253547668457031e+00
-7.968505382537841797e+00 -7.568504810333251953e+00 7.568507671356201172e+00 7.968507289886474609e+00
-8.000004768371582031e+00 -7.600006103515625000e+00 7.600007534027099609e+00 8.000006675720214844e+00
-8.030744552612304688e+00 -7.630745887756347656e+00 7.630748748779296875e+00 8.030748367309570312e+00
-8.060727119445800781e+00 -7.660729408264160156e+00 7.660728931427001953e+00 8.060729026794433594e+00
-8.089938163757324219e+00 -7.689938545227050781e+00 7.689940452575683594e+00 8.089940071105957031e+00
-8.118376731872558594e+00 -7.718377113342285156e+00 7.718380928039550781e+00 8.118380546569824219e+00
-8.146043777465820312e+00 -7.746044158935546875e+00 7.746045589447021484e+00 8.146044731140136719e+00
-8.172925949096679688e+00 -7.772925376892089844e+00 7.772927284240722656e+00 8.172926902770996094e+00
-8.199024200439453125e+00 -7.799024581909179688e+00 7.799026489257812500e+00 8.199026107788085938e+00
-8.224337577819824219e+00 -7.824336051940917969e+00 7.824336528778076172e+00 8.224336624145507812e+00
-8.248852729797363281e+00 -7.848853111267089844e+00 7.848855018615722656e+00 8.248854637145996094e+00
-8.272576332092285156e+00 -7.872576713562011719e+00 7.872577190399169922e+00 8.272577285766601562e+00
-8.295497894287109375e+00 -7.895500183105468750e+00 7.895500183105468750e+00 8.295499801635742188e+00
-8.317615509033203125e+00 -7.917615890502929688e+00 7.917619228363037109e+00 8.317619323730468750e+00
-8.338930130004882812e+00 -7.938932418823242188e+00 7.938933372497558594e+00 8.338932991027832031e+00
-8.359434127807617188e+00 -7.959434509277343750e+00 7.959436416625976562e+00 8.359436035156250000e+00
-8.379126548767089844e+00 -7.979126930236816406e+00 7.979127407073974609e+00 8.379127502441406250e+00
-8.397997856140136719e+00 -7.997998237609863281e+00 7.998001098632812500e+00 8.398000717163085938e+00
-8.416054725646972656e+00 -8.016053199768066406e+00 8.016057968139648438e+00 8.416057586669921875e+00
-8.433289527893066406e+00 -8.033289909362792969e+00 8.033292770385742188e+00 8.433292388916015625e+00
-8.449699401855468750e+00 -8.049697875976562500e+00 8.049701690673828125e+00 8.449701309204101562e+00
-8.465284347534179688e+00 -8.065286636352539062e+00 8.065287590026855469e+00 8.465287208557128906e+00
-8.480039596557617188e+00 -8.080039978027343750e+00 8.080043792724609375e+00 8.480043411254882812e+00
-8.493963241577148438e+00 -8.093961715698242188e+00 8.093967437744140625e+00 8.493967056274414062e+00
-8.507055282592773438e+00 -8.107055664062500000e+00 8.107056617736816406e+00 8.507056236267089844e+00
-8.519311904907226562e+00 -8.119312286376953125e+00 8.119314193725585938e+00 8.519314765930175781e+00
-8.530728340148925781e+00 -8.130730628967285156e+00 8.130730628967285156e+00 8.530730247497558594e+00
-8.541308403015136719e+00 -8.141308784484863281e+00 8.141311645507812500e+00 8.541311264038085938e+00
-8.551049232482910156e+00 -8.151051521301269531e+00 8.151051521301269531e+00 8.551051139831542969e+00
-8.559945106506347656e+00 -8.159945487976074219e+00 8.159947395324707031e+00 8.559947013854980469e+00
-8.567997932434082031e+00 -8.167998313903808594e+00 8.168001174926757812e+00 8.568000793457031250e+00
-8.575207710266113281e+00 -8.175208091735839844e+00 8.175211906433105469e+00 8.575211524963378906e+00
-8.581574440002441406e+00 -8.181572914123535156e+00 8.181574821472167969e+00 8.581574440002441406e+00
-8.587088584899902344e+00 -8.187090873718261719e+00 8.187092781066894531e+00 8.587092399597167969e+00
-8.591761589050292969e+00 -8.191761970520019531e+00 8.191763877868652344e+00 8.591763496398925781e+00
-8.595583915710449219e+00 -8.195582389831542969e+00 8.195585250854492188e+00 8.595584869384765625e+00
-8.598551750183105469e+00 -8.198554039001464844e+00 8.198557853698730469e+00 8.598557472229003906e+00
-8.600677490234375000e+00 -8.200679779052734375e+00 8.200681686401367188e+00 8.600681304931640625e+00
-8.601957321166992188e+00 -8.201955795288085938e+00 8.201956748962402344e+00 8.601956367492675781e+00
-8.602376937866210938e+00 -8.202377319335937500e+00 8.202381134033203125e+00 8.602380752563476562e+00
-8.601953506469726562e+00 -8.201953887939453125e+00 8.201955795288085938e+00 8.601955413818359375e+00
-8.600673675537109375e+00 -8.200675964355468750e+00 8.200675964355468750e+00 8.600676536560058594e+00
-8.598542213439941406e+00 -8.198542594909667969e+00 8.198546409606933594e+00 8.598546028137207031e+00
-8.595561027526855469e+00 -8.195561408996582031e+00 8.195563316345214844e+00 8.595562934875488281e+00
-8.591727256774902344e+00 -8.191727638244628906e+00 8.191730499267578125e+00 8.591730117797851562e+00
-8.587042808532714844e+00 -8.187043190002441406e+00 8.187046051025390625e+00 8.587045669555664062e+00
-8.581507682800292969e+00 -8.181508064270019531e+00 8.181510925292968750e+00 8.581510543823242188e+00
-8.575121879577636719e+00 -8.175122261047363281e+00 8.175127983093261719e+00 8.575127601623535156e+00
-8.567893028259277344e+00 -8.167895317077636719e+00 8.167897224426269531e+00 8.567896842956542969e+00
-8.559815406799316406e+00 -8.159815788269042969e+00 8.159817695617675781e+00 8.559817314147949219e+00
-8.550892829895019531e+00 -8.150893211364746094e+00 8.150894165039062500e+00 8.550893783569335938e+00
-8.541121482849121094e+00 -8.141121864318847656e+00 8.141124725341796875e+00 8.541124343872070312e+00
-8.530508995056152344e+00 -8.130511283874511719e+00 8.130513191223144531e+00 8.530512809753417969e+00
-8.519060134887695312e+00 -8.119060516357421875e+00 8.119061470031738281e+00 8.519061088562011719e+00
-8.506765365600585938e+00 -8.106765747070312500e+00 8.106767654418945312e+00 8.506767272949218750e+00
-8.493633270263671875e+00 -8.093635559082031250e+00 8.093637466430664062e+00 8.493637084960937500e+00
-8.479669570922851562e+00 -8.079671859741210938e+00 8.079672813415527344e+00 8.479672431945800781e+00
-8.464870452880859375e+00 -8.064870834350585938e+00 8.064872741699218750e+00 8.464872360229492188e+00
-8.449239730834960938e+00 -8.049238204956054688e+00 8.049241065979003906e+00 8.449240684509277344e+00
-8.432780265808105469e+00 -8.032778739929199219e+00 8.032781600952148438e+00 8.432781219482421875e+00
-8.415495872497558594e+00 -8.015494346618652344e+00 8.015497207641601562e+00 8.415496826171875000e+00
-8.397383689880371094e+00 -7.997385978698730469e+00 7.997386932373046875e+00 8.397386550903320312e+00
-8.378455162048339844e+00 -7.978457450866699219e+00 7.978457927703857422e+00 8.378457069396972656e+00
-8.358705520629882812e+00 -7.958707809448242188e+00 7.958709239959716797e+00 8.358709335327148438e+00
-8.338148117065429688e+00 -7.938148498535156250e+00 7.938149452209472656e+00 8.338149070739746094e+00
-8.316774368286132812e+00 -7.916772842407226562e+00 7.916775703430175781e+00 8.316775321960449219e+00
-8.294591903686523438e+00 -7.894590377807617188e+00 7.894593715667724609e+00 8.294592857360839844e+00
-8.271603584289550781e+00 -7.871603965759277344e+00 7.871607303619384766e+00 8.271607398986816406e+00
-8.247815132141113281e+00 -7.847815513610839844e+00 7.847819328308105469e+00 8.247818946838378906e+00
-8.223233222961425781e+00 -7.823233604431152344e+00 7.823236465454101562e+00 8.223236083984375000e+00
-8.197858810424804688e+00 -7.797860145568847656e+00 7.797860145568847656e+00 8.197859764099121094e+00
-8.171691894531250000e+00 -7.771692276000976562e+00 7.771693706512451172e+00 8.171693801879882812e+00
-8.144741058349609375e+00 -7.744741439819335938e+00 7.744743824005126953e+00 8.144743919372558594e+00
-8.117009162902832031e+00 -7.717008590698242188e+00 7.717011928558349609e+00 8.117012023925781250e+00
-8.088503837585449219e+00 -7.688504219055175781e+00 7.688504695892333984e+00 8.088504791259765625e+00
-8.059224128723144531e+00 -7.659223556518554688e+00 7.659226894378662109e+00 8.059226036071777344e+00
-8.029178619384765625e+00 -7.629178047180175781e+00 7.629180431365966797e+00 8.029180526733398438e+00
-7.998372077941894531e+00 -7.598372459411621094e+00 7.598373889923095703e+00 7.998373508453369141e+00
-7.966809749603271484e+00 -7.566809177398681641e+00 7.566811561584472656e+00 7.966811180114746094e+00
-7.934494018554687500e+00 -7.534494400024414062e+00 7.534496784210205078e+00 7.934496879577636719e+00
-7.901433944702148438e+00 -7.501434326171875000e+00 7.501436233520507812e+00 7.901436328887939453e+00
-7.867635250091552734e+00 -7.467634677886962891e+00 7.467636585235595703e+00 7.867636680603027344e+00
-7.833097457885742188e+00 -7.433096885681152344e+00 7.433100700378417969e+00 7.833100318908691406e+00
-7.797834873199462891e+00 -7.397834300994873047e+00 7.397836685180664062e+00 7.797836780548095703e+00
-7.761849403381347656e+00 -7.361848831176757812e+00 7.361850738525390625e+00 7.761850357055664062e+00
-7.725144863128662109e+00 -7.325145244598388672e+00 7.325147151947021484e+00 7.725146770477294922e+00
-7.687730789184570312e+00 -7.287731170654296875e+00 7.287733554840087891e+00 7.687733173370361328e+00
-7.649614810943603516e+00 -7.249614238739013672e+00 7.249616622924804688e+00 7.649616718292236328e+00
-7.610801696777343750e+00 -7.210801124572753906e+00 7.210803031921386719e+00 7.610802650451660156e+00
-7.571298122406005859e+00 -7.171298503875732422e+00 7.171299934387207031e+00 7.571299552917480469e+00
-7.531111717224121094e+00 -7.131113052368164062e+00 7.131112575531005859e+00 7.531112194061279297e+00
-7.490246295928955078e+00 -7.090245723724365234e+00 7.090248584747314453e+00 7.490248203277587891e+00
-7.448716163635253906e+00 -7.048715591430664062e+00 7.048717498779296875e+00 7.448717594146728516e+00
-7.406522274017333984e+00 -7.006522655487060547e+00 7.006525516510009766e+00 7.406525135040283203e+00
-7.363679885864257812e+00 -6.963680267333984375e+00 6.963680744171142578e+00 7.363680362701416016e+00
-7.320187091827392578e+00 -6.920187473297119141e+00 6.920189380645751953e+00 7.320188999176025391e+00
-7.276059150695800781e+00 -6.876059532165527344e+00 6.876060962677001953e+00 7.276060581207275391e+00
-7.231304645538330078e+00 -6.831305027008056641e+00 6.831305980682373047e+00 7.231305599212646484e+00
-7.185928344726562500e+00 -6.785928726196289062e+00 6.785929203033447266e+00 7.185928821563720703e+00
-7.139939308166503906e+00 -6.739938735961914062e+00 6.739941120147705078e+00 7.139940738677978516e+00
-7.093348979949951172e+00 -6.693348407745361328e+00 6.693351268768310547e+00 7.093350887298583984e+00
-7.046165466308593750e+00 -6.646165847778320312e+00 6.646167278289794922e+00 7.046167373657226562e+00
-6.998399257659912109e+00 -6.598399639129638672e+00 6.598400115966796875e+00 6.998399734497070312e+00
-6.950058937072753906e+00 -6.550059318542480469e+00 6.550060749053955078e+00 6.950060367584228516e+00
-6.901153087615966797e+00 -6.501153469085693359e+00 6.501154422760009766e+00 6.901154518127441406e+00
-6.851693630218505859e+00 -6.451693058013916016e+00 6.451695919036865234e+00 6.851695537567138672e+00
-6.801690101623535156e+00 -6.401689529418945312e+00 6.401692390441894531e+00 6.801692008972167969e+00
-6.751154422760009766e+00 -6.351154804229736328e+00 6.351156711578369141e+00 6.751156330108642578e+00
-6.700096130371093750e+00 -6.300096511840820312e+00 6.300098896026611328e+00 6.700098514556884766e+00
-6.648527145385742188e+00 -6.248527526855468750e+00 6.248529434204101562e+00 6.648529529571533203e+00
-6.596459865570068359e+00 -6.196459293365478516e+00 6.196461677551269531e+00 6.596461296081542969e+00
-6.543904304504394531e+00 -6.143903732299804688e+00 6.143906116485595703e+00 6.543906211853027344e+00
-6.490871429443359375e+00 -6.090871810913085938e+00 6.090874195098876953e+00 6.490873813629150391e+00
-6.437377452850341797e+00 -6.037377834320068359e+00 6.037379741668701172e+00 6.437379837036132812e+00
-6.383434295654296875e+00 -5.983433723449707031e+00 5.983435153961181641e+00 6.383435249328613281e+00
-6.329051971435546875e+00 -5.929052352905273438e+00 5.929052352905273438e+00 6.329051971435546875e+00
-6.274244785308837891e+00 -5.874245166778564453e+00 5.874246597290039062e+00 6.274246215820312500e+00
-6.219027996063232422e+00 -5.819030284881591797e+00 5.819029808044433594e+00 6.219029426574707031e+00
-6.163415908813476562e+00 -5.763415336608886719e+00 5.763416767120361328e+00 6.163416862487792969e+00
-6.107422351837158203e+00 -5.707422733306884766e+00 5.707424163818359375e+00 6.107423782348632812e+00
-6.051062107086181641e+00 -5.651063442230224609e+00 5.651063919067382812e+00 6.051063537597656250e+00
-5.994350433349609375e+00 -5.594349861145019531e+00 5.594353199005126953e+00 5.994353294372558594e+00
-5.937304496765136719e+00 -5.537304878234863281e+00 5.537306785583496094e+00 5.937306404113769531e+00
-5.879939556121826172e+00 -5.479938983917236328e+00 5.479941844940185547e+00 5.879941940307617188e+00
-5.822274208068847656e+00 -5.422274589538574219e+00 5.422275543212890625e+00 5.822275638580322266e+00
-5.764324188232421875e+00 -5.364324569702148438e+00 5.364325046539306641e+00 5.764324665069580078e+00
-5.706106662750244141e+00 -5.306106090545654297e+00 5.306107521057128906e+00 5.706107139587402344e+00
-5.647638797760009766e+00 -5.247640132904052734e+00 5.247641563415527344e+00 5.647641181945800781e+00
-5.588945388793945312e+00 -5.188945770263671875e+00 5.188946723937988281e+00 5.588946819305419922e+00
-5.530040740966796875e+00 -5.130041122436523438e+00 5.130042552947998047e+00 5.530042171478271484e+00
-5.470948696136474609e+00 -5.070949077606201172e+00 5.070949554443359375e+00 5.470949172973632812e+00
-5.411685466766357422e+00 -5.011686801910400391e+00 5.011687755584716797e+00 5.411687374114990234e+00
-5.352278709411621094e+00 -4.952278137207031250e+00 4.952280521392822266e+00 5.352280616760253906e+00
-5.292748451232910156e+00 -4.892747879028320312e+00 4.892749786376953125e+00 5.292748928070068359e+00
-5.233115673065185547e+00 -4.833116054534912109e+00 4.833117485046386719e+00 5.233117103576660156e+00
-5.173408031463623047e+00 -4.773408412933349609e+00 4.773408889770507812e+00 5.173408508300781250e+00
-5.113648414611816406e+00 -4.713648796081542969e+00 4.713649272918701172e+00 5.113648891448974609e+00
-5.053863525390625000e+00 -4.653862953186035156e+00 4.653864383697509766e+00 5.053864002227783203e+00
-4.994079113006591797e+00 -4.594079494476318359e+00 4.594080448150634766e+00 4.994080066680908203e+00
-4.934324741363525391e+00 -4.534325122833251953e+00 4.534326076507568359e+00 4.934325695037841797e+00
-4.874628067016601562e+00 -4.474628448486328125e+00 4.474629878997802734e+00 4.874629497528076172e+00
-4.815020561218261719e+00 -4.415020942687988281e+00 4.415021419525146484e+00 4.815021038055419922e+00
-4.755530834197998047e+00 -4.355531215667724609e+00 4.355532169342041016e+00 4.755531787872314453e+00
-4.696194171905517578e+00 -4.296193599700927734e+00 4.296195030212402344e+00 4.696195125579833984e+00
-4.637042999267578125e+00 -4.237043380737304688e+00 4.237044334411621094e+00 4.637043952941894531e+00
-4.578111648559570312e+00 -4.178111076354980469e+00 4.178113460540771484e+00 4.578113079071044922e+00
-4.519438266754150391e+00 -4.119437694549560547e+00 4.119439601898193359e+00 4.519439697265625000e+00
-4.461061477661132812e+00 -4.061060905456542969e+00 4.061061859130859375e+00 4.461061477661132812e+00
-4.403015136718750000e+00 -4.003016471862792969e+00 4.003016948699951172e+00 4.403016567230224609e+00
-4.345347881317138672e+00 -3.945348262786865234e+00 3.945349693298339844e+00 4.345349311828613281e+00
-4.288098812103271484e+00 -3.888099193572998047e+00 3.888100385665893555e+00 4.288100242614746094e+00
-4.231311798095703125e+00 -3.831311225891113281e+00 3.831313848495483398e+00 4.231313705444335938e+00
-4.175034523010253906e+00 -3.775035381317138672e+00 3.775037288665771484e+00 4.175036907196044922e+00
-4.119316577911376953e+00 -3.719316482543945312e+00 3.719318389892578125e+00 4.119318008422851562e+00
-4.064205169677734375e+00 -3.664206027984619141e+00 3.664206266403198242e+00 4.064206123352050781e+00
-4.009753227233886719e+00 -3.609754085540771484e+00 3.609755039215087891e+00 4.009754657745361328e+00
-3.956016540527343750e+00 -3.556016921997070312e+00 3.556017875671386719e+00 3.956017732620239258e+00
-3.903049230575561523e+00 -3.503049612045288086e+00 3.503050327301025391e+00 3.903049945831298828e+00
-3.850911378860473633e+00 -3.450911283493041992e+00 3.450911521911621094e+00 3.850911140441894531e+00
-3.799659252166748047e+00 -3.399659156799316406e+00 3.399660825729370117e+00 3.799660682678222656e+00
-3.749360322952270508e+00 -3.349360227584838867e+00 3.349361658096313477e+00 3.749361515045166016e+00
-3.700076341629028320e+00 -3.300076246261596680e+00 3.300077438354492188e+00 3.700077056884765625e+00
-3.651875257492065430e+00 -3.251874685287475586e+00 3.251875877380371094e+00 3.651875495910644531e+00
-3.604823112487792969e+00 -3.204823017120361328e+00 3.204824447631835938e+00 3.604824066162109375e+00
-3.558992385864257812e+00 -3.158992290496826172e+00 3.158993721008300781e+00 3.558993577957153320e+00
-3.514453411102294922e+00 -3.114453315734863281e+00 3.114455223083496094e+00 3.514454841613769531e+00
-3.471283435821533203e+00 -3.071283817291259766e+00 3.071284294128417969e+00 3.471283912658691406e+00
-3.429552793502807617e+00 -3.029553174972534180e+00 3.029553890228271484e+00 3.429553508758544922e+00
-3.389338731765747070e+00 -2.989339113235473633e+00 2.989339828491210938e+00 3.389339685440063477e+00
-3.350719451904296875e+00 -2.950719356536865234e+00 2.950720787048339844e+00 3.350720405578613281e+00
-3.313771247863769531e+00 -2.913771629333496094e+00 2.913772821426391602e+00 3.313772439956665039e+00
-3.278572082519531250e+00 -2.878572463989257812e+00 2.878572940826416016e+00 3.278572797775268555e+00
-3.245198249816894531e+00 -2.845198631286621094e+00 2.845199108123779297e+00 3.245198726654052734e+00
-3.213726758956909180e+00 -2.813726663589477539e+00 2.813727140426635742e+00 3.213726758956909180e+00
-3.184230089187622070e+00 -2.784230947494506836e+00 2.784231185913085938e+00 3.184230804443359375e+00
-3.156783103942871094e+00 -2.756783962249755859e+00 2.756784200668334961e+00 3.156783819198608398e+00
-3.131455659866333008e+00 -2.731456041336059570e+00 2.731457233428955078e+00 3.131456851959228516e+00
-3.108316659927368164e+00 -2.708316564559936523e+00 2.708316802978515625e+00 3.108316659927368164e+00
-3.087424278259277344e+00 -2.687424659729003906e+00 2.687426090240478516e+00 3.087425947189331055e+00
-3.068842649459838867e+00 -2.668843030929565430e+00 2.668843984603881836e+00 3.068843603134155273e+00
-3.052623510360717773e+00 -2.652623891830444336e+00 2.652624368667602539e+00 3.052624225616455078e+00
-3.038813591003417969e+00 -2.638814449310302734e+00 2.638815164566040039e+00 3.038814783096313477e+00
-3.027456998825073242e+00 -2.627456903457641602e+00 2.627457857131958008e+00 3.027457714080810547e+00
-3.018585920333862305e+00 -2.618585824966430664e+00 2.618587255477905273e+00 3.018586874008178711e+00
-3.012230157852172852e+00 -2.612231016159057617e+00 2.612231016159057617e+00 3.012230873107910156e+00
-3.008408546447753906e+00 -2.608408927917480469e+00 2.608409643173217773e+00 3.008409261703491211e+00
-3.007133483886718750e+00 -2.607133865356445312e+00 2.607134103775024414e+00 3.007133722305297852e+00
-3.006709098815917969e+00 -2.606709480285644531e+00 2.606709957122802734e+00 3.006709814071655273e+00
-3.005437374114990234e+00 -2.605437755584716797e+00 2.605438470840454102e+00 3.005438089370727539e+00
-3.003318309783935547e+00 -2.603318214416503906e+00 2.603319168090820312e+00 3.003319025039672852e+00
-3.000351905822753906e+00 -2.600351810455322266e+00 2.600352764129638672e+00 3.000352382659912109e+00
-2.996538162231445312e+00 -2.596538066864013672e+00 2.596539735794067383e+00 2.996539354324340820e+00
-2.991878986358642578e+00 -2.591879367828369141e+00 2.591880321502685547e+00 2.991880178451538086e+00
-2.986374616622924805e+00 -2.586374521255493164e+00 2.586375713348388672e+00 2.986375331878662109e+00
-2.980025529861450195e+00 -2.580025911331176758e+00 2.580026388168334961e+00 2.980026245117187500e+00
-2.972831964492797852e+00 -2.572832345962524414e+00 2.572833299636840820e+00 2.972833156585693359e+00
-2.964797496795654297e+00 -2.564797401428222656e+00 2.564798355102539062e+00 2.964797973632812500e+00
-2.955920219421386719e+00 -2.555921077728271484e+00 2.555922031402587891e+00 2.955921888351440430e+00
-2.946204900741577148e+00 -2.546204805374145508e+00 2.546205759048461914e+00 2.946205615997314453e+00
-2.935650110244750977e+00 -2.535650968551635742e+00 2.535651206970214844e+00 2.935650825500488281e+00
-2.924258708953857422e+00 -2.524259090423583984e+00 2.524260044097900391e+00 2.924259662628173828e+00
-2.912033081054687500e+00 -2.512032985687255859e+00 2.512034177780151367e+00 2.912033796310424805e+00
-2.898974657058715820e+00 -2.498975992202758789e+00 2.498975753784179688e+00 2.898975372314453125e+00
-2.885084629058837891e+00 -2.485084533691406250e+00 2.485085964202880859e+00 2.885085582733154297e+00
-2.870365619659423828e+00 -2.470366477966308594e+00 2.470367431640625000e+00 2.870367050170898438e+00
-2.854821443557739258e+00 -2.454821348190307617e+00 2.454822778701782227e+00 2.854822397232055664e+00
-2.838452339172363281e+00 -2.438452243804931641e+00 2.438453912734985352e+00 2.838453769683837891e+00
-2.821263074874877930e+00 -2.421263456344604492e+00 2.421264410018920898e+00 2.821264028549194336e+00
-2.803254604339599609e+00 -2.403254508972167969e+00 2.403255939483642578e+00 2.803255558013916016e+00
-2.784429788589477539e+00 -2.384430170059204102e+00 2.384431600570678711e+00 2.784431457519531250e+00
-2.764793872833251953e+00 -2.364794254302978516e+00 2.364794731140136719e+00 2.764794588088989258e+00
-2.744347333908081055e+00 -2.344347715377807617e+00 2.344348192214965820e+00 2.744348049163818359e+00
-2.723093509674072266e+00 -2.323094367980957031e+00 2.323095083236694336e+00 2.723094701766967773e+00
-2.701038122177124023e+00 -2.301038026809692383e+00 2.301039218902587891e+00 2.701038837432861328e+00
-2.678183555603027344e+00 -2.278183460235595703e+00 2.278183698654174805e+00 2.678183317184448242e+00
-2.654531717300415039e+00 -2.254532098770141602e+00 2.254532337188720703e+00 2.654531955718994141e+00
-2.630087852478027344e+00 -2.230088233947753906e+00 2.230088710784912109e+00 2.630088567733764648e+00
-2.604856014251708984e+00 -2.204856395721435547e+00 2.204857110977172852e+00 2.604856967926025391e+00
-2.578840970993041992e+00 -2.178841352462768555e+00 2.178841829299926758e+00 2.578841686248779297e+00
-2.552044868469238281e+00 -2.152044773101806641e+00 2.152046203613281250e+00 2.552045822143554688e+00
-2.524473190307617188e+00 -2.124473571777343750e+00 2.124475002288818359e+00 2.524474620819091797e+00
-2.496131658554077148e+00 -2.096131563186645508e+00 2.096132516860961914e+00 2.496132373809814453e+00
-2.467023611068725586e+00 -2.067023992538452148e+00 2.067023992538452148e+00 2.467023611068725586e+00
-2.437152385711669922e+00 -2.037152290344238281e+00 2.037153482437133789e+00 2.437153339385986328e+00
-2.406525611877441406e+00 -2.006525993347167969e+00 2.006526231765747070e+00 2.406525850296020508e+00
-2.375146627426147461e+00 -1.975146532058715820e+00 1.975147247314453125e+00 2.375146865844726562e+00
-2.343020677566528320e+00 -1.943021059036254883e+00 1.943021655082702637e+00 2.343021392822265625e+00
-2.310153484344482422e+00 -1.910153865814208984e+00 1.910154819488525391e+00 2.310154438018798828e+00
-2.276550769805908203e+00 -1.876551151275634766e+00 1.876551985740661621e+00 2.276551723480224609e+00
-2.242218017578125000e+00 -1.842218399047851562e+00 1.842219352722167969e+00 2.242218971252441406e+00
-2.207161903381347656e+00 -1.807161808013916016e+00 1.807162523269653320e+00 2.207162380218505859e+00
-2.171386480331420898e+00 -1.771386861801147461e+00 1.771387577056884766e+00 2.171387434005737305e+00
-2.134898900985717773e+00 -1.734899282455444336e+00 1.734900474548339844e+00 2.134900093078613281e+00
-2.097706079483032227e+00 -1.697706699371337891e+00 1.697707414627075195e+00 2.097707271575927734e+00
-2.059814691543579102e+00 -1.659814834594726562e+00 1.659815669059753418e+00 2.059815406799316406e+00
-2.021230936050415039e+00 -1.621231794357299805e+00 1.621231675148010254e+00 2.021231412887573242e+00
-1.981961011886596680e+00 -1.581960916519165039e+00 1.581961870193481445e+00 1.981961727142333984e+00
-1.942013263702392578e+00 -1.542014122009277344e+00 1.542014479637145996e+00 1.942014217376708984e+00
-1.901395797729492188e+00 -1.501395940780639648e+00 1.501396298408508301e+00 1.901396036148071289e+00
-1.860113859176635742e+00 -1.460114240646362305e+00 1.460114955902099609e+00 1.860114693641662598e+00
-1.818178176879882812e+00 -1.418178319931030273e+00 1.418179035186767578e+00 1.818178653717041016e+00
-1.775595664978027344e+00 -1.375595569610595703e+00 1.375596404075622559e+00 1.775596141815185547e+00
-1.732375741004943848e+00 -1.332376122474670410e+00 1.332376480102539062e+00 1.732376217842102051e+00
-1.688526988029479980e+00 -1.288527369499206543e+00 1.288527727127075195e+00 1.688527464866638184e+00
-1.644059658050537109e+00 -1.244059801101684570e+00 1.244060516357421875e+00 1.644060254096984863e+00
-1.598983526229858398e+00 -1.198983907699584961e+00 1.198984384536743164e+00 1.598984122276306152e+00
-1.553309321403503418e+00 -1.153309226036071777e+00 1.153310060501098633e+00 1.553309917449951172e+00
-1.507049679756164551e+00 -1.107049822807312012e+00 1.107050180435180664e+00 1.507049798965454102e+00
-1.460214853286743164e+00 -1.060215234756469727e+00 1.060215950012207031e+00 1.460215687751770020e+00
-1.412819981575012207e+00 -1.012820363044738770e+00 1.012821197509765625e+00 1.412820935249328613e+00
-1.364879846572875977e+00 -9.648802280426025391e-01 9.648805856704711914e-01 1.364880323410034180e+00
-1.316410064697265625e+00 -9.164104461669921875e-01 9.164110422134399414e-01 1.316410779953002930e+00
-1.267428755760192871e+00 -8.674286603927612305e-01 8.674295544624328613e-01 1.267429351806640625e+00
-1.217956542968750000e+00 -8.179569244384765625e-01 8.179572820663452148e-01 1.217957019805908203e+00
-1.168017268180847168e+00 -7.680174112319946289e-01 7.680180668830871582e-01 1.168017745018005371e+00
-1.117637157440185547e+00 -7.176374197006225586e-01 7.176380157470703125e-01 1.117637634277343750e+00
-1.066849827766418457e+00 -6.668496131896972656e-01 6.668503284454345703e-01 1.066849946975708008e+00
-1.015692710876464844e+00 -6.156928539276123047e-01 6.156934499740600586e-01 1.015693187713623047e+00
-9.642158150672912598e-01 -5.642157196998596191e-01 5.642165541648864746e-01 9.642162322998046875e-01
-9.124782085418701172e-01 -5.124783515930175781e-01 5.124791860580444336e-01 9.124788641929626465e-01
-8.605576753616333008e-01 -4.605579376220703125e-01 4.605584144592285156e-01 8.605581521987915039e-01
-8.085566759109497070e-01 -4.085571765899658203e-01 4.085574448108673096e-01 8.085572123527526855e-01
-7.566147446632385254e-01 -3.566150069236755371e-01 3.566155433654785156e-01 7.566153407096862793e-01
-7.049254775047302246e-01 -3.049255013465881348e-01 3.049259781837463379e-01 7.049257159233093262e-01
-6.537691950798034668e-01 -2.537692189216613770e-01 2.537697255611419678e-01 6.537694931030273438e-01
-6.035637259483337402e-01 -2.035635113716125488e-01 2.035639882087707520e-01 6.035637855529785156e-01
-5.549535155296325684e-01 -1.549533009529113770e-01 1.549539268016815186e-01 5.549536347389221191e-01
-5.089652538299560547e-01 -1.089652180671691895e-01 1.089656651020050049e-01 5.089654922485351562e-01
-4.672692120075225830e-01 -6.726905703544616699e-02 6.726959347724914551e-02 4.672693312168121338e-01
-4.325387775897979736e-01 -3.253868222236633301e-02 3.253915905952453613e-02 4.325389266014099121e-01
-4.086726605892181396e-01 -8.672565221786499023e-03 8.672982454299926758e-03 4.086727797985076904e-01
-4.000000655651092529e-01 0.000000000000000000e+00 5.960464477539062500e-08 4.000000059604644775e-01
