-8.778655141098196113e-02 -8.778506397225228908e-02 8.778893131294943086e-02 8.778714638647382162e-02
-2.457150610460923645e-01 -2.457150610460923645e-01 2.457153585338383017e-01 2.457150610460923645e-01
-3.634523812299908507e-01 -3.634529762054827251e-01 3.634535711809745440e-01 3.634535711809745440e-01
-4.427712414406996810e-01 -4.427748112936508718e-01 4.427733238549212413e-01 4.427736213426671785e-01
-4.951064756564404479e-01 -4.951035007789811315e-01 4.951064756564404479e-01 4.951058806809485735e-01
-5.304277907067083131e-01 -5.304277907067083131e-01 5.304266007557246754e-01 5.304266007557246754e-01
-5.552358888156591066e-01 -5.552388636931184784e-01 5.552391611808643601e-01 5.552388636931184784e-01
-5.734665328620031088e-01 -5.734635579845438480e-01 5.734647479355275967e-01 5.734647479355275967e-01
-5.874193031218123418e-01 -5.874193031218123418e-01 5.874175181953367186e-01 5.874187081463204674e-01
-5.985036965353233152e-01 -5.985036965353233152e-01 5.985051839740529456e-01 5.985042915108151895e-01
-6.075889722961559380e-01 -6.075913521981234355e-01 6.075880798329181820e-01 6.075889722961559380e-01
-6.152629661902764280e-01 -6.152605862883089305e-01 6.152617762392926792e-01 6.152623712147845536e-01
-6.218588644931311027e-01 -6.218624343460822379e-01 6.218636242970659866e-01 6.218624343460822379e-01
-6.276836745585241406e-01 -6.276812946565566431e-01 6.276848645095078894e-01 6.276848645095078894e-01
-6.328587713867966924e-01 -6.328623412397479386e-01 6.328575814358129437e-01 6.328575814358129437e-01
-6.375400385568184003e-01 -6.375400385568184003e-01 6.375400385568184003e-01 6.375412285078021490e-01
-6.418036329315484068e-01 -6.418036329315484068e-01 6.418072027844995420e-01 6.418060128335159042e-01
-6.457197616190271106e-01 -6.457150018150922266e-01 6.457132168886166035e-01 6.457138118641084779e-01
-6.493312628546691334e-01 -6.493360226586041284e-01 6.493342377321285053e-01 6.493336427566366309e-01
-6.526857346778239810e-01 -6.526857346778239810e-01 6.526904944817589760e-01 6.526904944817589760e-01
-6.558307751278411590e-01 -6.558260153239061641e-01 6.558236354219386666e-01 6.558224454709550288e-01
-6.587378253811108086e-01 -6.587402052830783061e-01 6.587390153320945574e-01 6.587390153320945574e-01
-6.614711427907549179e-01 -6.614687628887874205e-01 6.614723327417386667e-01 6.614735226927224154e-01
-6.640247776018547432e-01 -6.640271575038222407e-01 6.640271575038222407e-01 6.640259675528384919e-01
-6.664034896183451684e-01 -6.664011097163776709e-01 6.663999197653939222e-01 6.664011097163776709e-01
-6.686417874187545740e-01 -6.686465472226895690e-01 6.686477371736733177e-01 6.686477371736733177e-01
-6.707289614442294434e-01 -6.707242016402945595e-01 6.707218217383270620e-01 6.707230116893108107e-01
-6.726781011555907908e-01 -6.726757212536232933e-01 6.726781011555907908e-01 6.726757212536232933e-01
-6.744761170920174909e-01 -6.744808768959524858e-01 6.744820668469362346e-01 6.744832567979199833e-01
-6.761491881751519051e-01 -6.761468082731844076e-01 6.761468082731844076e-01 6.761468082731844076e-01
-6.776985043559775601e-01 -6.776985043559775601e-01 6.776937445520425651e-01 6.776937445520425651e-01
-6.791074063207223066e-01 -6.791169259285921855e-01 6.791133560756409393e-01 6.791121661246571906e-01
-6.804092126969306653e-01 -6.804044528929956703e-01 6.804115925988981628e-01 6.804115925988981628e-01
-6.815872641708303759e-01 -6.815872641708303759e-01 6.815872641708303759e-01 6.815872641708303759e-01
-6.826415607424214382e-01 -6.826368009384864433e-01 6.826344210365189458e-01 6.826368009384864433e-01
-6.835721024117038525e-01 -6.835768622156387364e-01 6.835792421176062339e-01 6.835768622156387364e-01
-6.843955484924498789e-01 -6.843907886885148839e-01 6.843860288845800000e-01 6.843860288845800000e-01
-6.850976195728547546e-01 -6.851023793767897496e-01 6.850999994748222521e-01 6.850999994748222521e-01
-6.856854553588208612e-01 -6.856854553588208612e-01 6.856902151627558561e-01 6.856902151627558561e-01
-6.861685754582181884e-01 -6.861685754582181884e-01 6.861638156542831934e-01 6.861661955562506909e-01
-6.865279406553067565e-01 -6.865279406553067565e-01 6.865327004592416404e-01 6.865303205572742540e-01
-6.867825901658264343e-01 -6.867778303618915503e-01 6.867825901658264343e-01 6.867825901658264343e-01
-6.869182445779724588e-01 -6.869182445779724588e-01 6.869182445779724588e-01 6.869206244799399563e-01
-6.869539431074845881e-01 -6.869634627153544670e-01 6.869563230094520856e-01 6.869539431074845881e-01
-6.868801661464929431e-01 -6.868706465386230642e-01 6.868754063425579481e-01 6.868777862445254456e-01
-6.866850141851600364e-01 -6.866897739890950314e-01 6.866873940871275339e-01 6.866850141851600364e-01
-6.863970460470956159e-01 -6.863970460470956159e-01 6.863946661451282294e-01 6.863946661451282294e-01
-6.859805632027876632e-01 -6.859758033988527792e-01 6.859829431047551607e-01 6.859853230067226582e-01
-6.854546048679759362e-01 -6.854498450640409413e-01 6.854569847699433227e-01 6.854569847699433227e-01
-6.848477298662699608e-01 -6.848572494741398398e-01 6.848453499643024633e-01 6.848453499643024633e-01
-6.841123401583204533e-01 -6.841123401583204533e-01 6.841147200602879508e-01 6.841147200602879508e-01
-6.832817543716719344e-01 -6.832817543716719344e-01 6.832841342736394319e-01 6.832817543716719344e-01
-6.823250337807473809e-01 -6.823250337807473809e-01 6.823321734866497623e-01 6.823321734866497623e-01
-6.813088156406358342e-01 -6.813088156406358342e-01 6.812873965229285789e-01 6.812873965229285789e-01
-6.801117249509963658e-01 -6.801069651470613708e-01 6.801212445588662447e-01 6.801212445588662447e-01
-6.788670362220073917e-01 -6.788670362220073917e-01 6.788670362220073917e-01 6.788670362220073917e-01
-6.774890729828398905e-01 -6.774938327867747745e-01 6.774985925907097695e-01 6.775009724926771559e-01
-6.760254332728432569e-01 -6.760301930767781409e-01 6.760254332728432569e-01 6.760254332728432569e-01
-6.744594577782452305e-01 -6.744546979743102355e-01 6.744523180723428490e-01 6.744499381703753516e-01
-6.727602077734686770e-01 -6.727602077734686770e-01 6.727673474793710584e-01 6.727697273813385559e-01
-6.709990803175377438e-01 -6.709895607096678649e-01 6.709895607096678649e-01 6.709848009057329810e-01
-6.690999185474933997e-01 -6.690999185474933997e-01 6.690975386455259022e-01 6.690999185474933997e-01
-6.670960410908801652e-01 -6.670960410908801652e-01 6.671008008948150492e-01 6.671008008948150492e-01
-6.650112469673727933e-01 -6.650302861831125512e-01 6.650207665752426722e-01 6.650207665752426722e-01
-6.628169773533615361e-01 -6.628169773533615361e-01 6.628122175494266521e-01 6.628122175494266521e-01
-6.605275116606513786e-01 -6.605084724449116207e-01 6.605179920527814996e-01 6.605179920527814996e-01
-6.580904920459578200e-01 -6.581000116538278100e-01 6.581047714577626939e-01 6.581095312616976889e-01
-6.556487126273293775e-01 -6.556487126273293775e-01 6.556296734115896196e-01 6.556296734115896196e-01
-6.529975018355631544e-01 -6.530070214434330333e-01 6.530165410513029123e-01 6.530117812473680283e-01
-6.503320116319920574e-01 -6.503224920241221785e-01 6.503224920241221785e-01 6.503272518280571735e-01
-6.475094478985676805e-01 -6.475094478985676805e-01 6.475142077025026754e-01 6.475142077025026754e-01
-6.446202469100540400e-01 -6.446202469100540400e-01 6.446154871061191560e-01 6.446107273021841610e-01
-6.416168106271016303e-01 -6.416168106271016303e-01 6.416168106271016303e-01 6.416168106271016303e-01
-6.385181782654503202e-01 -6.385181782654503202e-01 6.385181782654503202e-01 6.385181782654503202e-01
-6.353291096290348827e-01 -6.353291096290348827e-01 6.353386292369047617e-01 6.353386292369047617e-01
-6.320400851099855499e-01 -6.320305655021156710e-01 6.320305655021156710e-01 6.320305655021156710e-01
-6.286463449043674379e-01 -6.286558645122373168e-01 6.286463449043674379e-01 6.286463449043674379e-01
-6.251764478357900723e-01 -6.251669282279201934e-01 6.251621684239851984e-01 6.251621684239851984e-01
-6.215637566491643007e-01 -6.215827958649040585e-01 6.215875556688390535e-01 6.215875556688390535e-01
-6.179129870310589023e-01 -6.179034674231890234e-01 6.179082272271239074e-01 6.179082272271239074e-01
-6.141575017263846137e-01 -6.141575017263846137e-01 6.141479821185147348e-01 6.141479821185147348e-01
-6.102544624997270351e-01 -6.102544624997270351e-01 6.102687419115319090e-01 6.102687419115319090e-01
-6.063276242533945926e-01 -6.063181046455247136e-01 6.063228644494597086e-01 6.063228644494597086e-01
-6.022770311047536129e-01 -6.022865507126234919e-01 6.022722713008186179e-01 6.022722713008186179e-01
-5.981407614852835009e-01 -5.981407614852835009e-01 5.981360016813485059e-01 5.981360016813485059e-01
-5.938997761792444985e-01 -5.938902565713746196e-01 5.939045359831794935e-01 5.939045359831794935e-01
-5.895731144023764747e-01 -5.895826340102463536e-01 5.895873938141813486e-01 5.895873938141813486e-01
-5.851607761546793185e-01 -5.851607761546793185e-01 5.851560163507444345e-01 5.851607761546793185e-01
-5.806627614361531409e-01 -5.806722810440230198e-01 5.806722810440230198e-01 5.806675212400881358e-01
-5.760838300507328258e-01 -5.760933496586028157e-01 5.760838300507328258e-01 5.760838300507328258e-01
-5.714049427826786154e-01 -5.713763839590689786e-01 5.713859035669388575e-01 5.713906633708738525e-01
-5.666403790437953836e-01 -5.666403790437953836e-01 5.666403790437953836e-01 5.666356192398603886e-01
-5.617901388340830193e-01 -5.617996584419528983e-01 5.617948986380179033e-01 5.617948986380179033e-01
-5.568542221535415226e-01 -5.568447025456716437e-01 5.568542221535415226e-01 5.568542221535415226e-01
-5.518088299824963627e-01 -5.518183495903662417e-01 5.518135897864312467e-01 5.518135897864312467e-01
-5.467301191839064600e-01 -5.467301191839064600e-01 5.467253593799714650e-01 5.467253593799714650e-01
-5.415466926987476670e-01 -5.415371730908777881e-01 5.415371730908777881e-01 5.415371730908777881e-01
-5.362585505270200947e-01 -5.362585505270200947e-01 5.362585505270200947e-01 5.362585505270200947e-01
-5.309037711002031479e-01 -5.309037711002031479e-01 5.309132907080731378e-01 5.309180505120080218e-01
-5.254871142222319325e-01 -5.254871142222319325e-01 5.254775946143620535e-01 5.254775946143620535e-01
-5.199657416576919378e-01 -5.199847808734316956e-01 5.199705014616268217e-01 5.199657416576919378e-01
-5.143729720341275735e-01 -5.143634524262576946e-01 5.143777318380625685e-01 5.143824916419974524e-01
-5.086850063318643089e-01 -5.086850063318643089e-01 5.086945259397341879e-01 5.086897661357993039e-01
-5.029542023941865336e-01 -5.029637220020564126e-01 5.029446827863166547e-01 5.029494425902515387e-01
-4.971329621817446864e-01 -4.971234425738748075e-01 4.971377219856796814e-01 4.971329621817446864e-01
-4.912260454984738178e-01 -4.912260454984738178e-01 4.912260454984738178e-01 4.912260454984738178e-01
-4.852477317561786907e-01 -4.852477317561786907e-01 4.852477317561786907e-01 4.852477317561786907e-01
-4.792027807587943000e-01 -4.791932611509244211e-01 4.791980209548593606e-01 4.791980209548593606e-01
-4.730911925063206458e-01 -4.731007121141905247e-01 4.730864327023857063e-01 4.730864327023857063e-01
-4.668796483712130407e-01 -4.668701287633431618e-01 4.668891679790829197e-01 4.668891679790829197e-01
-4.606205061967559855e-01 -4.606205061967559855e-01 4.606205061967559855e-01 4.606252660006909250e-01
-4.542994865711445507e-01 -4.542994865711445507e-01 4.542899669632746718e-01 4.542852071593397323e-01
-4.478832708668342155e-01 -4.478927904747040944e-01 4.478832708668342155e-01 4.478880306707691550e-01
-4.414099375153044402e-01 -4.414194571231743747e-01 4.414242169271093141e-01 4.414194571231743747e-01
-4.348794865165553358e-01 -4.348794865165553358e-01 4.348652071047504619e-01 4.348652071047504619e-01
-4.282728786548470334e-01 -4.282538394391072201e-01 4.282728786548470334e-01 4.282728786548470334e-01
-4.215901139301795886e-01 -4.215901139301795886e-01 4.215853541262445936e-01 4.215901139301795886e-01
-4.148502315582927036e-01 -4.148597511661625825e-01 4.148645109700975775e-01 4.148597511661625825e-01
-4.080817903627961818e-01 -4.080817903627961818e-01 4.080675109509913079e-01 4.080675109509913079e-01
-4.011991138728608353e-01 -4.011991138728608353e-01 4.012038736767958302e-01 4.012038736767958302e-01
-3.942783589514459730e-01 -3.942878785593158519e-01 3.942926383632507914e-01 3.942973981671857864e-01
-3.873100059906816051e-01 -3.873100059906816051e-01 3.873004863828117261e-01 3.872957265788767311e-01
-3.802559765590881602e-01 -3.802464569512182813e-01 3.802607363630230997e-01 3.802607363630230997e-01
-3.731638686960151441e-01 -3.731543490881452096e-01 3.731591088920801491e-01 3.731591088920801491e-01
-3.660051235778528089e-01 -3.660241627935926223e-01 3.660003637739178695e-01 3.660003637739178695e-01
-3.587987804203410236e-01 -3.587797412046012102e-01 3.588178196360808370e-01 3.588178196360808370e-01
-3.515448392234797326e-01 -3.515543588313496670e-01 3.515353196156098536e-01 3.515353196156098536e-01
-3.442242607715291780e-01 -3.442242607715291780e-01 3.442099813597243596e-01 3.442099813597243596e-01
-3.368560842802291733e-01 -3.368465646723592943e-01 3.368608440841641127e-01 3.368608440841641127e-01
-3.294165107299049100e-01 -3.294165107299049100e-01 3.294260303377747889e-01 3.294260303377747889e-01
-3.219578979638408334e-01 -3.219578979638408334e-01 3.219578979638408334e-01 3.219578979638408334e-01
-3.144278881387525537e-01 -3.144469273544923671e-01 3.144326479426875487e-01 3.144278881387525537e-01
-3.068455204703798844e-01 -3.068455204703798844e-01 3.068597998821847028e-01 3.068645596861196423e-01
-2.992869518216819125e-01 -2.992964714295517914e-01 2.992631528020071596e-01 2.992679126059420991e-01
-2.915855890549354790e-01 -2.915665498391956656e-01 2.915903488588704184e-01 2.915855890549354790e-01
-2.838747066803191665e-01 -2.838747066803191665e-01 2.838937458960589799e-01 2.838937458960589799e-01
-2.761733439135727330e-01 -2.761733439135727330e-01 2.761495448938979802e-01 2.761447850899630407e-01
-2.683387066366477725e-01 -2.683291870287778935e-01 2.683339468327128330e-01 2.683387066366477725e-01
-2.605135889675926908e-01 -2.605231085754625697e-01 2.605231085754625697e-01 2.605231085754625697e-01
-2.526789516906677302e-01 -2.526599124749279168e-01 2.526456330631230984e-01 2.526503928670580379e-01
-2.447110399035641870e-01 -2.447300791193040004e-01 2.447443585311088465e-01 2.447395987271738793e-01
-2.368097653715499351e-01 -2.368097653715499351e-01 2.367954859597451167e-01 2.368002457636800562e-01
-2.288037751529668484e-01 -2.288228143687066340e-01 2.288180545647716668e-01 2.288132947608367274e-01
-2.207787457186439206e-01 -2.207597065029041350e-01 2.207930251304487668e-01 2.207977849343837340e-01
-2.127632358921909272e-01 -2.127822751079307129e-01 2.127584760882559600e-01 2.127537162843210206e-01
-2.046715692027787359e-01 -2.046525299870389503e-01 2.046620495949088292e-01 2.046620495949088292e-01
-1.965703829054966656e-01 -1.965703829054966656e-01 1.965561034936918194e-01 1.965608632976267589e-01
-1.883740005295156117e-01 -1.883740005295156117e-01 1.883977995491903645e-01 1.883930397452553973e-01
-1.802442554086238491e-01 -1.802252161928840357e-01 1.802442554086238491e-01 1.802442554086238491e-01
-1.720383534247728885e-01 -1.720573926405127019e-01 1.720383534247728885e-01 1.720383534247728885e-01
-1.638038926173122634e-01 -1.637848534015724777e-01 1.637943730094423567e-01 1.637943730094423567e-01
-1.555694318098516382e-01 -1.556075102413312095e-01 1.555789514177215171e-01 1.555789514177215171e-01
-1.472873729630415074e-01 -1.472683337473017218e-01 1.472968925709114141e-01 1.472968925709114141e-01
-1.389862749004916187e-01 -1.389672356847518053e-01 1.389862749004916187e-01 1.389862749004916187e-01
-1.306851768379417023e-01 -1.307042160536814879e-01 1.306566180143320099e-01 1.306566180143320099e-01
-1.223460003439122007e-01 -1.223460003439122007e-01 1.223555199517820935e-01 1.223650395596520002e-01
-1.139592258105332212e-01 -1.139782650262730207e-01 1.139592258105332212e-01 1.139497062026633284e-01
-1.056105297086338268e-01 -1.055914904928940412e-01 1.056200493165037196e-01 1.056200493165037196e-01
-9.723327478312474015e-02 -9.725231399886453965e-02 9.722375517525484734e-02 9.722375517525484734e-02
-8.879890221039628273e-02 -8.877986299465648323e-02 8.879890221039628273e-02 8.879890221039628273e-02
-8.038356885340761093e-02 -8.038356885340761093e-02 8.039308846127750374e-02 8.039308846127750374e-02
-7.196823549641893913e-02 -7.196823549641893913e-02 7.197775510428883194e-02 7.197775510428883194e-02
-6.355290213943026734e-02 -6.353386292369048172e-02 6.351482370795068222e-02 6.351482370795068222e-02
-5.504237270374263274e-02 -5.508045113522222480e-02 5.508045113522222480e-02 5.508045113522222480e-02
-4.664607856249376044e-02 -4.662703934675396789e-02 4.662703934675396789e-02 4.662703934675396789e-02
-3.815458834254591841e-02 -3.813554912680611891e-02 3.814506873467601866e-02 3.814506873467601866e-02
-2.962501969111848432e-02 -2.966309812259807291e-02 2.967261773046796919e-02 2.967261773046796919e-02
-2.121920594199971227e-02 -2.121920594199971227e-02 2.120016672625991971e-02 2.120016672625991971e-02
-1.277531376140135164e-02 -1.273723532992176478e-02 1.272771572205186850e-02 1.272771572205186850e-02
-4.188627462754541605e-03 -4.207666678494335032e-03 4.236225502104024737e-03 4.236225502104024737e-03
4.226705894234128458e-03 4.226705894234128458e-03 -4.245745109973921884e-03 -4.245745109973921884e-03
1.277531376140135164e-02 1.275627454566155908e-02 -1.277531376140135164e-02 -1.276579415353145536e-02
2.127632358921909342e-02 2.129536280495888598e-02 -2.125728437347929739e-02 -2.126680398134919367e-02
2.975829420129703917e-02 2.975829420129703917e-02 -2.977733341703683173e-02 -2.977733341703683173e-02
3.826882363698467376e-02 3.826882363698467376e-02 -3.825930402911478095e-02 -3.825930402911478095e-02
4.676031385693251580e-02 4.676031385693251580e-02 -4.676031385693251580e-02 -4.676031385693251580e-02
5.525180407688036477e-02 5.525180407688036477e-02 -5.525180407688036477e-02 -5.525180407688036477e-02
6.374329429682820680e-02 6.374329429682820680e-02 -6.371473547321851449e-02 -6.371473547321851449e-02
7.215862765381687860e-02 7.213958843807707910e-02 -7.217766686955666422e-02 -7.217766686955666422e-02
8.063107865802492114e-02 8.065011787376472063e-02 -8.065011787376472063e-02 -8.065011787376472063e-02
8.906545123075339243e-02 8.906545123075339243e-02 -8.907497083862328524e-02 -8.907497083862328524e-02
9.753790223496143497e-02 9.753790223496143497e-02 -9.751886301922164935e-02 -9.751886301922164935e-02
1.059341963762103211e-01 1.059151571604705216e-01 -1.059246767683404145e-01 -1.059246767683404145e-01
1.142828924781097155e-01 1.143019316938495011e-01 -1.143114513017193939e-01 -1.143114513017193939e-01
1.227267846587080657e-01 1.227267846587080657e-01 -1.227172650508381729e-01 -1.227172650508381729e-01
1.310850003684773668e-01 1.310659611527375534e-01 -1.310659611527375534e-01 -1.310659611527375534e-01
1.393860984310272555e-01 1.393860984310272555e-01 -1.393956180388971622e-01 -1.393956180388971622e-01
1.477252749250567709e-01 1.477443141407965566e-01 -1.477347945329266499e-01 -1.477347945329266499e-01
1.560263729876066874e-01 1.560454122033464730e-01 -1.560358925954765663e-01 -1.560358925954765663e-01
1.642989122265468838e-01 1.642989122265468838e-01 -1.642989122265468838e-01 -1.642989122265468838e-01
1.725333730340075367e-01 1.725333730340075367e-01 -1.725333730340075367e-01 -1.725333730340075367e-01
1.807963926650778541e-01 1.807583142335982551e-01 -1.807773534493380685e-01 -1.807773534493380685e-01
1.889451770017094023e-01 1.889451770017094023e-01 -1.889499368056443696e-01 -1.889546966095793090e-01
1.971415593776904562e-01 1.971415593776904562e-01 -1.971320397698205495e-01 -1.971225201619506706e-01
2.052046672434929553e-01 2.052237064592327409e-01 -2.052284662631676804e-01 -2.052332260671026476e-01
2.133534515801245035e-01 2.133724907958643169e-01 -2.133534515801245035e-01 -2.133534515801245035e-01
2.214260790537969092e-01 2.214260790537969092e-01 -2.214213192498619420e-01 -2.214260790537969092e-01
2.294701477038595949e-01 2.294511084881198093e-01 -2.294511084881198093e-01 -2.294415888802499026e-01
2.374570987067029237e-01 2.374570987067029237e-01 -2.374523389027679843e-01 -2.374570987067029237e-01
2.453774124544569613e-01 2.453774124544569613e-01 -2.453869320623268679e-01 -2.453869320623268679e-01
2.532882065943410921e-01 2.532786869864712131e-01 -2.533072458100809055e-01 -2.533072458100809055e-01
2.611990007342252507e-01 2.612085203420951296e-01 -2.611942409302903112e-01 -2.611894811263553717e-01
2.690241184032803323e-01 2.690241184032803323e-01 -2.690145987954104534e-01 -2.690145987954104534e-01
2.768206772487257217e-01 2.768301968565956006e-01 -2.768206772487257217e-01 -2.768206772487257217e-01
2.845410792312119130e-01 2.845315596233420341e-01 -2.845601184469517264e-01 -2.845601184469517264e-01
2.922710008215680388e-01 2.922805204294379178e-01 -2.922519616058282255e-01 -2.922614812136981599e-01
2.999152459410950877e-01 2.999152459410950877e-01 -2.999247655489649667e-01 -2.999152459410950877e-01
3.075118930212726309e-01 3.075023734134027520e-01 -3.075118930212726309e-01 -3.075166528252075704e-01
3.150561822581657290e-01 3.150657018660356634e-01 -3.150561822581657290e-01 -3.150561822581657290e-01
3.225766724753841297e-01 3.225671528675142508e-01 -3.225671528675142508e-01 -3.225623930635793113e-01
3.300067264178385140e-01 3.300067264178385140e-01 -3.300114862217734535e-01 -3.300114862217734535e-01
3.373796627130734582e-01 3.373891823209433927e-01 -3.373891823209433927e-01 -3.373891823209433927e-01
3.447573588122433974e-01 3.447573588122433974e-01 -3.447383195965036395e-01 -3.447430794004385790e-01
3.519922607933648750e-01 3.519922607933648750e-01 -3.520065402051697490e-01 -3.520017804012348095e-01
3.592081235587465948e-01 3.592081235587465948e-01 -3.592128833626815343e-01 -3.592176431666164738e-01
3.663859078926486879e-01 3.663763882847788089e-01 -3.663763882847788089e-01 -3.663763882847788089e-01
3.734684961478518250e-01 3.734684961478518250e-01 -3.734637363439168856e-01 -3.734637363439168856e-01
3.804749275400957642e-01 3.804844471479656987e-01 -3.804844471479656987e-01 -3.804796873440307037e-01
3.874337608929902532e-01 3.874337608929902532e-01 -3.874385206969251927e-01 -3.874432805008601322e-01
3.943259569907954787e-01 3.943164373829255442e-01 -3.943211971868604837e-01 -3.943211971868604837e-01
4.011419962256415062e-01 4.011324766177715717e-01 -4.011515158335113851e-01 -4.011515158335113851e-01
4.079199570290079069e-01 4.079389962447477203e-01 -4.079056776172030885e-01 -4.079056776172030885e-01
4.145551237143259016e-01 4.145551237143259016e-01 -4.145646433221957805e-01 -4.145598835182608410e-01
4.211807707917740173e-01 4.211712511839040829e-01 -4.211617315760342040e-01 -4.211664913799691434e-01
4.276541041433037371e-01 4.276541041433037371e-01 -4.276779031629784900e-01 -4.276779031629784900e-01
4.341464767105732703e-01 4.341464767105732703e-01 -4.341321972987684519e-01 -4.341321972987684519e-01
4.404865355519244630e-01 4.404865355519244630e-01 -4.404912953558594579e-01 -4.404912953558594579e-01
4.467409179224465787e-01 4.467409179224465787e-01 -4.467456777263815737e-01 -4.467456777263815737e-01
4.529477022536192443e-01 4.529477022536192443e-01 -4.529524620575541838e-01 -4.529524620575541838e-01
4.590640503100278380e-01 4.590735699178977725e-01 -4.590545307021579591e-01 -4.590545307021579591e-01
4.650661630719977180e-01 4.650661630719977180e-01 -4.650614032680627785e-01 -4.650614032680627785e-01
4.709873591670734605e-01 4.709778395592035816e-01 -4.709921189710084000e-01 -4.709873591670734605e-01
4.768038395755803127e-01 4.768038395755803127e-01 -4.768133591834502472e-01 -4.768181189873851866e-01
4.825346435132581435e-01 4.825346435132581435e-01 -4.825251239053882646e-01 -4.825251239053882646e-01
4.881797709801068974e-01 4.881797709801068974e-01 -4.881845307840418369e-01 -4.881797709801068974e-01
4.937059033485818871e-01 4.937154229564518215e-01 -4.936963837407120081e-01 -4.937011435446469476e-01
4.991368396383579764e-01 4.991368396383579764e-01 -4.991368396383579764e-01 -4.991368396383579764e-01
5.044487808297603015e-01 5.044392612218904226e-01 -5.044487808297603015e-01 -5.044487808297603015e-01
5.096655259424637263e-01 5.096655259424637263e-01 -5.096607661385287313e-01 -5.096607661385287313e-01
5.147632759567933869e-01 5.147632759567933869e-01 -5.147680357607282708e-01 -5.147632759567933869e-01
5.197372710688143993e-01 5.197467906766842782e-01 -5.197420308727492833e-01 -5.197467906766842782e-01
5.246113102982015164e-01 5.246113102982015164e-01 -5.246113102982015164e-01 -5.246065504942665214e-01
5.293758740370847482e-01 5.293663544292148693e-01 -5.293663544292148693e-01 -5.293711142331498642e-01
5.339786044421798161e-01 5.339786044421798161e-01 -5.339833642461148111e-01 -5.339786044421798161e-01
5.384623397489011198e-01 5.384718593567711098e-01 -5.384766191607059937e-01 -5.384766191607059937e-01
5.428461191729886393e-01 5.428365995651186493e-01 -5.428508789769235232e-01 -5.428556387808585182e-01
5.470871044790275306e-01 5.470871044790275306e-01 -5.470728250672227677e-01 -5.470728250672227677e-01
5.511757760591481370e-01 5.511567368434083791e-01 -5.511757760591481370e-01 -5.511757760591481370e-01
5.551216535212203373e-01 5.551502123448300852e-01 -5.551311731290902163e-01 -5.551264133251553323e-01
5.589294966691790156e-01 5.589199770613091367e-01 -5.589199770613091367e-01 -5.589247368652441317e-01
5.625897858951542929e-01 5.625802662872844140e-01 -5.625897858951542929e-01 -5.625897858951542929e-01
5.660977613952112852e-01 5.661168006109510431e-01 -5.660882417873412953e-01 -5.660834819834064113e-01
5.694343839536100127e-01 5.694248643457401338e-01 -5.694391437575450077e-01 -5.694439035614798916e-01
5.726186927860904552e-01 5.726282123939603341e-01 -5.726186927860904552e-01 -5.726139329821555712e-01
5.756173692651079810e-01 5.756078496572379910e-01 -5.756268888729778599e-01 -5.756268888729778599e-01
5.784589722142721158e-01 5.784589722142721158e-01 -5.784637320182069997e-01 -5.784684918221419947e-01
5.811292222217780967e-01 5.811387418296479757e-01 -5.811292222217780967e-01 -5.811292222217780967e-01
5.836281192876260349e-01 5.836090800718861660e-01 -5.836090800718861660e-01 -5.836090800718861660e-01
5.858795065488565657e-01 5.858890261567264446e-01 -5.858937859606614396e-01 -5.858890261567264446e-01
5.879880996920386904e-01 5.879880996920386904e-01 -5.879833398881036954e-01 -5.879880996920386904e-01
5.898587026384733978e-01 5.898587026384733978e-01 -5.898682222463432767e-01 -5.898682222463432767e-01
5.915674722511198302e-01 5.915579526432499513e-01 -5.915531928393149563e-01 -5.915531928393149563e-01
5.930001732355393296e-01 5.930192124512790874e-01 -5.930049330394742135e-01 -5.930001732355393296e-01
5.942329624546909272e-01 5.942329624546909272e-01 -5.942377222586258112e-01 -5.942472418664958012e-01
5.952563203007047443e-01 5.952468006928348654e-01 -5.952515604967698604e-01 -5.952468006928348654e-01
5.960036095184917393e-01 5.960036095184917393e-01 -5.960131291263616182e-01 -5.960131291263616182e-01
5.965224281474010848e-01 5.965224281474010848e-01 -5.965224281474010848e-01 -5.965224281474010848e-01
5.967746977559532651e-01 5.967842173638232550e-01 -5.967746977559532651e-01 -5.967746977559532651e-01
5.967699379520183811e-01 5.967604183441485022e-01 -5.967651781480833861e-01 -5.967651781480833861e-01
5.964700703041165841e-01 5.964700703041165841e-01 -5.964700703041165841e-01 -5.964700703041165841e-01
5.958941340279878540e-01 5.958941340279878540e-01 -5.958893742240529701e-01 -5.958893742240529701e-01
5.950040506921525640e-01 5.950040506921525640e-01 -5.950135703000224430e-01 -5.950135703000224430e-01
5.938283791202202400e-01 5.938283791202202400e-01 -5.938236193162853560e-01 -5.938236193162853560e-01
5.923004820571018403e-01 5.923100016649717192e-01 -5.923052418610368353e-01 -5.923004820571018403e-01
5.904489183264070018e-01 5.904393987185371229e-01 -5.904441585224720068e-01 -5.904489183264070018e-01
5.882546487123957446e-01 5.882641683202656235e-01 -5.882498889084608606e-01 -5.882498889084608606e-01
5.856795947835887750e-01 5.856795947835887750e-01 -5.856843545875236590e-01 -5.856795947835887750e-01
5.827189967360508760e-01 5.827189967360508760e-01 -5.827285163439207549e-01 -5.827332761478557499e-01
5.794204526091316643e-01 5.794014133933919064e-01 -5.794061731973267904e-01 -5.794061731973267904e-01
5.756364084808477388e-01 5.756459280887176178e-01 -5.756364084808477388e-01 -5.756364084808477388e-01
5.714620604298980000e-01 5.714620604298980000e-01 -5.714644403318654975e-01 -5.714620604298980000e-01
5.668498104169330531e-01 5.668593300248029321e-01 -5.668450506129981692e-01 -5.668450506129981692e-01
5.617615800104732715e-01 5.617473005986685086e-01 -5.617544403045708901e-01 -5.617568202065383876e-01
5.561783299947788972e-01 5.561878496026487761e-01 -5.561878496026487761e-01 -5.561878496026487761e-01
5.501238593895245721e-01 5.501143397816546932e-01 -5.501309990954270646e-01 -5.501286191934595671e-01
5.435410505474910225e-01 5.435410505474910225e-01 -5.435339108415886411e-01 -5.435362907435561386e-01
5.364013446450685008e-01 5.364061044490034957e-01 -5.364061044490034957e-01 -5.364037245470359982e-01
5.287214009960293781e-01 5.287214009960293781e-01 -5.287237808979968756e-01 -5.287261607999643731e-01
5.204417220511867725e-01 5.204464818551216565e-01 -5.204512416590566515e-01 -5.204512416590566515e-01
5.116003862420201997e-01 5.116003862420201997e-01 -5.115861068302153258e-01 -5.115837269282478283e-01
5.020855381760584990e-01 5.020855381760584990e-01 -5.020879180780258855e-01 -5.020879180780258855e-01
4.919542955005208884e-01 4.919542955005208884e-01 -4.919566754024883859e-01 -4.919590553044558834e-01
4.811447807642532104e-01 4.811495405681881499e-01 -4.811495405681881499e-01 -4.811495405681881499e-01
4.696760331829951673e-01 4.696712733790602279e-01 -4.696688934770927859e-01 -4.696688934770927859e-01
4.574837954036249932e-01 4.574837954036249932e-01 -4.574837954036249932e-01 -4.574814155016575512e-01
4.445894865438499433e-01 4.445894865438499433e-01 -4.445847267399150038e-01 -4.445871066418825013e-01
4.309240894466132565e-01 4.309193296426783171e-01 -4.309336090544831355e-01 -4.309336090544831355e-01
4.165566212689716941e-01 4.165566212689716941e-01 -4.165542413670041966e-01 -4.165542413670041966e-01
4.014180648538684948e-01 4.014180648538684948e-01 -4.014180648538684948e-01 -4.014156849519009973e-01
3.854989005934337798e-01 3.855036603973687193e-01 -3.854965206914662823e-01 -3.854989005934337798e-01
3.688181677034073069e-01 3.688134078994723120e-01 -3.688157878014398094e-01 -3.688157878014398094e-01
3.513592068700167603e-01 3.513592068700167603e-01 -3.513663465759191973e-01 -3.513639666739516998e-01
3.331386774070345114e-01 3.331386774070345114e-01 -3.331386774070345114e-01 -3.331410573090020089e-01
3.141494396085580676e-01 3.141541994124930626e-01 -3.141541994124930626e-01 -3.141541994124930626e-01
2.944367116119695482e-01 2.944271920040996138e-01 -2.944295719060671113e-01 -2.944295719060671113e-01
2.739766943975940894e-01 2.739766943975940894e-01 -2.739766943975940894e-01 -2.739766943975940894e-01
2.528193659067486943e-01 2.528241257106836337e-01 -2.528146061028137548e-01 -2.528146061028137548e-01
2.309742457473032695e-01 2.309790055512382367e-01 -2.309885251591081157e-01 -2.309861452571406459e-01
2.085484295077941752e-01 2.085436697038592080e-01 -2.085317701940218316e-01 -2.085317701940218316e-01
1.854824196390345015e-01 1.854824196390345015e-01 -1.854871794429694409e-01 -1.854895593449369107e-01
1.618999710433329242e-01 1.618999710433329242e-01 -1.619047308472678914e-01 -1.619023509453003939e-01
1.378510616620064189e-01 1.378463018580714794e-01 -1.378439219561040097e-01 -1.378463018580714794e-01
1.133618704166972080e-01 1.133713900245671008e-01 -1.133690101225996311e-01 -1.133666302206321475e-01
8.855139240577897253e-02 8.855139240577897253e-02 -8.854663260184401918e-02 -8.854901250381148892e-02
6.344342664892646533e-02 6.343390704105655864e-02 -6.344818645286140479e-02 -6.344580655089393506e-02
3.814744863664349533e-02 3.815220844057844174e-02 -3.814506873467601866e-02 -3.814744863664349533e-02
1.272771572205186850e-02 1.272771572205186850e-02 -1.273247552598681664e-02 -1.273247552598681664e-02
4.236225502104024737e-03 4.236225502104024737e-03 -4.233845600136550667e-03 -4.231465698169076597e-03
1.269439709450722979e-02 1.269439709450722979e-02 -1.269201719253975659e-02 -1.269439709450722979e-02
2.115256868691043485e-02 2.115732849084538472e-02 -2.115494858887790805e-02 -2.115256868691043485e-02
2.961074027931364164e-02 2.961074027931364164e-02 -2.961074027931364164e-02 -2.961312018128111484e-02
3.806891187171684843e-02 3.806891187171684843e-02 -3.806177216581442535e-02 -3.806177216581442535e-02
4.650804424838025919e-02 4.650328444444530585e-02 -4.651042415034772892e-02 -4.650804424838025919e-02
5.494479672307619328e-02 5.494955652701113968e-02 -5.494717662504366995e-02 -5.494955652701113968e-02
6.337678939383718790e-02 6.337202958990223456e-02 -6.337916929580465764e-02 -6.337678939383718790e-02
7.180640216263069198e-02 7.180640216263069198e-02 -7.180164235869575251e-02 -7.180164235869575251e-02
8.020031640191209454e-02 8.020507620584704789e-02 -8.020507620584704789e-02 -8.020745610781451762e-02
8.861326985693329661e-02 8.860375024906340380e-02 -8.860375024906340380e-02 -8.860137034709592019e-02
9.697862527260500687e-02 9.698814488047489968e-02 -9.698814488047489968e-02 -9.698814488047489968e-02
1.053582601000815633e-01 1.053487404922116705e-01 -1.053558801981140935e-01 -1.053582601000815633e-01
1.137093361039484274e-01 1.137140959078833807e-01 -1.137069562019809577e-01 -1.137069562019809577e-01
1.220366130881405525e-01 1.220413728920755059e-01 -1.220389929901080361e-01 -1.220389929901080361e-01
1.303496106605278315e-01 1.303353312487229854e-01 -1.303496106605278315e-01 -1.303496106605278315e-01
1.386507087230777480e-01 1.386649881348825941e-01 -1.386483288211102782e-01 -1.386483288211102782e-01
1.469256278639854418e-01 1.469161082561155351e-01 -1.469208680600505024e-01 -1.469208680600505024e-01
1.551624685734135645e-01 1.551719881812834434e-01 -1.551672283773485039e-01 -1.551672283773485039e-01
1.633969293808741896e-01 1.633969293808741896e-01 -1.633945494789067199e-01 -1.633921695769392224e-01
1.715837921489853368e-01 1.715790323450503974e-01 -1.715861720509528066e-01 -1.715885519529202763e-01
1.797611353092265774e-01 1.797658951131615446e-01 -1.797611353092265774e-01 -1.797611353092265774e-01
1.879099196458581533e-01 1.879051598419232139e-01 -1.879051598419232139e-01 -1.879027799399557164e-01
1.960063461392052842e-01 1.960063461392052842e-01 -1.960158657470751631e-01 -1.960158657470751631e-01
2.040980128286174755e-01 2.040980128286174755e-01 -2.040980128286174755e-01 -2.040980128286174755e-01
2.121563608904850073e-01 2.121516010865500679e-01 -2.121492211845825704e-01 -2.121516010865500679e-01
2.201575913051331823e-01 2.201671109130030612e-01 -2.201623511090681218e-01 -2.201623511090681218e-01
2.281350227001066044e-01 2.281350227001066044e-01 -2.281445423079764834e-01 -2.281445423079764834e-01
2.360934148793402132e-01 2.360886550754052737e-01 -2.360886550754052737e-01 -2.360886550754052737e-01
2.439994492152894323e-01 2.439994492152894323e-01 -2.439970693133219348e-01 -2.439946894113544651e-01
2.518650252177915827e-01 2.518650252177915827e-01 -2.518626453158240852e-01 -2.518626453158240852e-01
2.596830031809442274e-01 2.596830031809442274e-01 -2.596853830829116694e-01 -2.596853830829116694e-01
2.674795620263896168e-01 2.674843218303245562e-01 -2.674748022224546218e-01 -2.674771821244221193e-01
2.752213831265830635e-01 2.752166233226481240e-01 -2.752166233226481240e-01 -2.752166233226481240e-01
2.829060865795571811e-01 2.829108463834921205e-01 -2.829156061874270600e-01 -2.829132262854596180e-01
2.905574714049866114e-01 2.905527116010516719e-01 -2.905622312089216064e-01 -2.905646111108890484e-01
2.981755376028714655e-01 2.981802974068064049e-01 -2.981683978969690285e-01 -2.981660179950015865e-01
3.057174469377971215e-01 3.057126871338621821e-01 -3.057222067417320610e-01 -3.057245866436995030e-01
3.132260376451780903e-01 3.132307974491130853e-01 -3.132260376451780903e-01 -3.132260376451780903e-01
3.206822705092746695e-01 3.206775107053397300e-01 -3.206787006563234788e-01 -3.206775107053397300e-01
3.280813857261519195e-01 3.280813857261519195e-01 -3.280778158732006733e-01 -3.280790058241844220e-01
3.354233832958097294e-01 3.354233832958097294e-01 -3.354245732467934227e-01 -3.354233832958097294e-01
3.427106431202156522e-01 3.427106431202156522e-01 -3.427094531692319035e-01 -3.427106431202156522e-01
3.499312656895322560e-01 3.499360254934671954e-01 -3.499384053954346929e-01 -3.499360254934671954e-01
3.571114299254018465e-01 3.571066701214669070e-01 -3.571066701214669070e-01 -3.571066701214669070e-01
3.642201971022471785e-01 3.642201971022471785e-01 -3.642154372983122390e-01 -3.642178172002797365e-01
3.712599471220358049e-01 3.712575672200683075e-01 -3.712623270240032469e-01 -3.712599471220358049e-01
3.782330598867351124e-01 3.782378196906700518e-01 -3.782366297396863031e-01 -3.782378196906700518e-01
3.851442952002800957e-01 3.851371554943776587e-01 -3.851466751022475932e-01 -3.851466751022475932e-01
3.919936530626707549e-01 3.920031726705406894e-01 -3.919924631116870062e-01 -3.919912731607033129e-01
3.987597143561998347e-01 3.987501947483299558e-01 -3.987561445032486440e-01 -3.987573344542323373e-01
4.054448589828347771e-01 4.054519986887372140e-01 -4.054519986887372140e-01 -4.054519986887372140e-01
4.120776457661852743e-01 4.120752658642178323e-01 -4.120716960112665861e-01 -4.120716960112665861e-01
4.186033369609994947e-01 4.186057168629669367e-01 -4.186057168629669367e-01 -4.186069068139506855e-01
4.250600109987568986e-01 4.250623909007243961e-01 -4.250612009497406474e-01 -4.250600109987568986e-01
4.314226789087990954e-01 4.314179191048641560e-01 -4.314226789087990954e-01 -4.314226789087990954e-01
4.376996703480122153e-01 4.376996703480122153e-01 -4.376996703480122153e-01 -4.376996703480122153e-01
4.438743260026239423e-01 4.438767059045914398e-01 -4.438731360516402491e-01 -4.438731360516402491e-01
4.499514056765692716e-01 4.499490257746017741e-01 -4.499514056765692716e-01 -4.499514056765692716e-01
4.559213897619782130e-01 4.559261495659131525e-01 -4.559225797129619617e-01 -4.559213897619782130e-01
4.617652390431110643e-01 4.617628591411435668e-01 -4.617676189450785063e-01 -4.617699988470460037e-01
4.675067525396424672e-01 4.675043726376750253e-01 -4.675008027847237790e-01 -4.674996128337400858e-01
4.730971422612393340e-01 4.730971422612393340e-01 -4.730959523102555853e-01 -4.730959523102555853e-01
4.785399780608527442e-01 4.785399780608527442e-01 -4.785447378647876837e-01 -4.785447378647876837e-01
4.838269302815966233e-01 4.838269302815966233e-01 -4.838245503796291258e-01 -4.838245503796291258e-01
4.889330099528124696e-01 4.889377697567474090e-01 -4.889347948792880372e-01 -4.889341999037961628e-01
4.938332281038417815e-01 4.938284682999068420e-01 -4.938338230793336558e-01 -4.938344180548255302e-01
4.984954560581236760e-01 4.984978359600911735e-01 -4.984948610826318016e-01 -4.984954560581236760e-01
5.028958947959834003e-01 5.028947048449996515e-01 -5.028952998204915259e-01 -5.028958947959834003e-01
5.069607673564292538e-01 5.069655271603642488e-01 -5.069643372093805000e-01 -5.069643372093805000e-01
5.106519953079817764e-01 5.106484254550305302e-01 -5.106496154060142789e-01 -5.106484254550305302e-01
5.138440388218564747e-01 5.138464187238239722e-01 -5.138440388218564747e-01 -5.138446337973483491e-01
5.164464616232894434e-01 5.164440817213220569e-01 -5.164440817213220569e-01 -5.164440817213220569e-01
5.182724414078340169e-01 5.182712514568502682e-01 -5.182748213098015144e-01 -5.182742263343096401e-01
5.190756583218565368e-01 5.190732784198890393e-01 -5.190753608341106551e-01 -5.190750633463646624e-01
5.184860376094148071e-01 5.184884175113823046e-01 -5.184857401216689254e-01 -5.184854426339229327e-01
5.159639364993841015e-01 5.159663164013515990e-01 -5.159669113768434734e-01 -5.159675063523353478e-01
5.106436656510955352e-01 5.106436656510955352e-01 -5.106433681633496535e-01 -5.106430706756036608e-01
5.011526166048085873e-01 5.011549965067760848e-01 -5.011552939945219665e-01 -5.011549965067760848e-01
4.852286925404388773e-01 4.852286925404388773e-01 -4.852272051017092469e-01 -4.852280975649470585e-01
4.590563156286335822e-01 4.590545307021579591e-01 -4.590563156286335822e-01 -4.590551256776498334e-01
4.162112379959420072e-01 4.162124279469257560e-01 -4.162115354836879444e-01 -4.162124279469257560e-01
3.466803196019625499e-01 3.466797246264706756e-01 -3.466803196019625499e-01 -3.466800221142166127e-01
2.382323517726076256e-01 2.382323517726076256e-01 -2.382329467480995000e-01 -2.382326492603535628e-01
8.657012401785671440e-02 8.656982653011079110e-02 -8.657339638306199570e-02 -8.657190894433232364e-02
-4.000000655651092529e-01 0.000000000000000000e+00 5.960464477539062500e-08 4.000000059604644775e-01
